40.175662 -111.652456 100.000000
40.175401 -111.652471 100.000000
40.175177 -111.652495 100.000000
40.174753 -111.652526 100.000000
40.174559 -111.652557 100.000000
40.174347 -111.652581 100.000000
40.174141 -111.652589 100.000000
40.174559 -111.651970 100.000000
40.174856 -111.652322 100.000000
40.175747 -111.651563 100.000000
40.175565 -111.651727 100.000000
40.175377 -111.651915 100.000000
40.175189 -111.652174 100.000000
40.174735 -111.652150 100.000000
40.174438 -111.651821 100.000000
40.174232 -111.651625 100.000000
40.173947 -111.651406 100.000000
40.175886 -111.651367 100.000000
40.174965 -111.652495 100.000000
40.173953 -111.652612 100.000000
40.175880 -111.652448 100.000000
